#        weight    minuslogpost              H0         omega_b       omega_cdm        tau_reio     ln_A_s_1e10             n_s        A_planck      calib_100T      calib_217T       A_cib_217       xi_sz_cib            A_sz        ksz_norm    gal545_A_100    gal545_A_143 gal545_A_143_217    gal545_A_217    ps_A_100_100    ps_A_143_143    ps_A_143_217    ps_A_217_217   galf_TE_A_100 galf_TE_A_100_143 galf_TE_A_100_217   galf_TE_A_143 galf_TE_A_143_217   galf_TE_A_217       chi2__CMB   minuslogprior minuslogprior__0 minuslogprior__SZ            chi2 chi2__planck_2018_highl_plik.TTTEEE chi2__planck_2018_lowl.TT chi2__planck_2018_lowl.EE chi2__planck_2018_lensing.clik
              1       2522.3057       66.389142     0.021761442       0.1326047     0.055673446       3.0819798      0.96808166      0.99889685      0.99810537      0.99798104       37.109611      0.35610164        5.626521       2.6595759       7.5543335        8.278929        18.885053        68.52167       216.32611       34.003933       51.350433       151.74954      0.25475044        0.15369619        0.36336089      0.02311558        0.63839641       2.1045236       4985.0835          29.764        27.486767         2.2772333       4985.0835                           4514.6112                 24.442033                 397.13823                      48.892061
              1       2518.0709       66.389142     0.021761442       0.1326047     0.055673446       3.0819798      0.96808166      0.99889685      0.99810644      0.99773828       36.802282      0.36829714        6.396593       2.2130868       6.2965702       7.8971957        18.816469       68.843581       211.46897       34.397062       53.728645        151.8991      0.24992189        0.15338283         0.3494542     0.034442762        0.64745257       2.1433718       4975.6142        30.26381        27.763562         2.5002483       4975.6142                           4505.1419                 24.442033                 397.13823                      48.892061
              1       2500.9022       66.389142     0.021761442       0.1326047     0.055673446       3.0819798      0.96808166        1.001033      0.99822112      0.99779692       38.247404      0.37794418       6.0588021       2.0516133       6.5595954       8.0154952         18.54993       68.903964       216.95342       34.842713       54.304788       150.52033      0.25937506        0.15202001        0.34463911     0.032357721         0.6564656       2.1457381       4941.6699       30.067252        27.769526          2.297726       4941.6699                           4475.1142                  24.08545                 397.11938                      45.350809
              1       2442.2199       66.389142     0.021761442       0.1326047     0.055673446       3.0819798      0.96808166       1.0011887      0.99823397      0.99706444       43.105845      0.20643825       2.0755746       2.3531442       6.1687088       9.9081187        17.565785       65.551831       288.21196       39.592472       39.570347       139.62331       0.2415343        0.19177726        0.33086561     0.057207246        0.59381619       2.0823635       4821.7698       31.334962          28.5042         2.8307613       4821.7698                           4355.4963                 24.060019                 397.11044                      45.103131
              4       2424.6419       66.389142     0.021761442       0.1326047     0.055673446       3.0819798      0.96808166       1.0011887      0.99705422      0.99636632       36.043651     0.019594068      0.10083554       3.4138825       7.9084662       10.272548        14.883339       64.894706       269.14682       34.410303       32.935207        148.4722      0.22283994         0.1611245        0.34632855     0.051879041        0.62703957       2.3672254       4773.0509       38.116444        34.148725         3.9677189       4773.0509                           4306.7773                 24.060019                 397.11044                      45.103131
              2       2394.9996       66.389142     0.021761442       0.1326047     0.055673446       3.0819798      0.96808166       1.0011887      0.99700416      0.99727363       28.717519      0.16032359      0.24809007       2.2264837       7.7868449       13.193064        22.572872       84.640401        253.6122       32.969225       31.075382        151.8708      0.20909515        0.16486766        0.27265342     0.094869638        0.64452206       2.1955836       4719.3206       35.339342        30.694722           4.64462       4719.3206                            4253.047                 24.060019                 397.11044                      45.103131
              1       2383.8981       66.389142     0.021761442       0.1326047     0.055673446       3.0819798      0.96808166       1.0011887       0.9971109      0.99718371       28.741707      0.12008574      0.48299305       2.2899601       7.2658087       13.266701        23.045616       85.948084       253.49218        32.35208       30.022844       150.19895       0.2168112        0.16895241        0.27190522      0.10481534        0.61190801       2.1308462       4697.4832       35.156497        30.836824         4.3196731       4697.4832                           4231.2097                 24.060019                 397.11044                      45.103131
              2       2367.7694       66.389142     0.021761442       0.1326047     0.055673446       3.0819798      0.96808166       1.0011887      0.99673333      0.99749707       29.323787      0.12497653      0.86564418       1.5614392       7.9640794       13.437703        22.864616       87.834408       255.30747       33.783036       34.576335        151.3368      0.23864015        0.16420078        0.27469716      0.11603783        0.62230915       2.0697085       4659.8637       37.837529        33.433936         4.4035928       4659.8637                           4193.5901                 24.060019                 397.11044                      45.103131
              1       2367.3054       66.389142     0.021761442       0.1326047     0.055673446       3.0819798      0.96808166       1.0011887      0.99684576      0.99740784       30.220685     0.073804649      0.20395335        2.768518       8.3097498       12.722553        20.463728       83.362793       259.49283       34.240968       33.350759       149.61773       0.2163755        0.17026528        0.27024436       0.1085647        0.56191708       2.0253611       4661.3735       36.618633        32.321858         4.2967748       4661.3735                           4195.0999                 24.060019                 397.11044                      45.103131
              1       2342.6498       66.389142     0.021761442       0.1326047     0.055673446       3.0819798      0.96808166        1.000619      0.99663967      0.99743872       28.325844     0.037533725      0.16719877       3.7839725       8.5474636       12.776422        21.284603       87.098257       266.20844        33.51645       30.306365       148.53126      0.19087536        0.16971834        0.30330672      0.14242193        0.55539045         2.01519       4615.2524       35.023645        31.356858         3.6667872       4615.2524                           4147.9561                 24.153468                 397.12659                      46.016244
              2       2340.6393       66.389142     0.021761442       0.1326047     0.055673446       3.0819798      0.96808166        1.000619      0.99656409      0.99747793       27.604208     0.029753716     0.091403423       4.0753714       8.5194075       12.758442        21.295684       87.551491        260.5219       32.308656       29.148953        149.1532      0.18766569        0.17338442         0.2979877      0.14204312         0.5604893       2.0610058       4610.3603       35.459164        31.893762         3.5654024       4610.3603                            4143.064                 24.153468                 397.12659                      46.016244
              1        2300.143       66.389142     0.021761442       0.1326047     0.055673446       3.0819798      0.96808166        1.000619      0.99764668      0.99702062       31.125092     0.015344763       1.2189939       2.3775703        6.821685       11.760282        23.821977       91.638855        267.6114       40.167789       29.679991       142.87316      0.22514726        0.17365285        0.29616514      0.18827588        0.54639439       2.1282126       4538.4445       30.920694        27.417032         3.5036615       4538.4445                           4071.1482                 24.153468                 397.12659                      46.016244
              1       2299.1563       66.389142     0.021761442       0.1326047     0.055673446       3.0819798      0.96808166        1.000619      0.99769012      0.99702517       30.714834    0.0041923085       1.2488109       2.3170185       6.9456954       11.687046        23.816501       91.840828       268.74195       40.455414         29.8207       143.82798        0.226383        0.17260808        0.29251355      0.18800206        0.54789048       2.1353798       4536.9025       30.705028        27.193976         3.5110521       4536.9025                           4069.6062                 24.153468                 397.12659                      46.016244
              2       2301.5797       66.389142     0.021761442       0.1326047     0.055673446       3.0819798      0.96808166        1.000619      0.99767709       0.9969594       30.309773     0.013135489       1.3426487       2.2410589        6.819536       11.754124        24.061955       92.187536       268.96527       40.573901       30.329781       144.70583      0.22597707         0.1718864        0.29349208      0.18693794        0.54338161       2.1349542       4541.1854       30.987014        27.518391         3.4686223       4541.1854                           4073.8891                 24.153468                 397.12659                      46.016244
              1        2282.878       66.300577     0.021765297      0.13259865     0.055728194       3.0871528      0.96811111        1.000619      0.99767741      0.99695881        30.28696     0.013550712       1.3469134       2.2313103       6.8190002       11.752448         24.06065       92.194377        268.8787       40.533672       30.323874       144.71952      0.22595743        0.17188149        0.29353984      0.18688974        0.54328698       2.1345917       4503.7807        30.98772        27.517436         3.4702838       4503.7807                           4027.9968                 24.553855                 397.17463                      54.055338
              3       2267.0877       66.300577     0.021765297      0.13259865     0.055728194       3.0871528      0.96811111        1.003056      0.99768629      0.99694874       30.609441     0.013642907       1.3409727       2.2295353       6.8306851       11.774598        24.055947       92.444155       270.93287       40.872928       30.555491       145.21143      0.22608667        0.17124552        0.29360347      0.18573109        0.54304971       2.1364099       4470.7992       31.688077        28.211376         3.4767001       4470.7992                           3999.8531                 24.144211                 397.14954                      49.652313
              1        2271.119       66.300577     0.021765297      0.13259865     0.055728194       3.0871528      0.96811111        1.003056      0.99760903      0.99721159       30.716985     0.019635958       1.1670901       1.8895632       6.4075016       11.975291         25.18504       95.014392       273.31302       42.309833       31.135436       143.96818      0.23262832        0.16937351        0.31136607      0.16911495        0.52167696        2.069141       4477.0365       32.600759        28.750813         3.8499459       4477.0365                           4006.0905                 24.144211                 397.14954                      49.652313
              1        2269.386       66.300577     0.021765297      0.13259865     0.055728194       3.0871528      0.96811111        1.003056      0.99747723      0.99720549        27.85176     0.076738006       1.1762448       2.0852592       5.9358829       12.043383        25.598421       97.649155       271.90408       42.830256       32.318316       147.02207      0.23420485        0.16701609        0.30456462      0.16960878        0.54248433       2.0306376       4472.2268       33.272667        29.554487         3.7181793       4472.2268                           4001.2807                 24.144211                 397.14954                      49.652313
              1       2259.7909       66.300577     0.021765297      0.13259865     0.055728194       3.0871528      0.96811111        1.003056      0.99765911       0.9974612       37.595591     0.087950065      0.72806717       3.6824401        6.643254       12.276252        25.917786       91.648128       288.09198       40.129446       19.320456       128.10229        0.255124        0.18936611        0.37937722      0.24283232        0.63187712       2.0037477       4457.6564       30.962682        27.742511         3.2201716       4457.6564                           3986.7103                 24.144211                 397.14954                      49.652313
              1       2254.0912       66.300577     0.021765297      0.13259865     0.055728194       3.0871528      0.96811111        1.003056      0.99762808      0.99740823       41.943668       0.1058627       1.4187981       1.9777377       6.8071346       12.913435        26.253943       90.831692       292.47259       40.398542       21.448672       121.82408      0.24004544         0.1608672        0.43489864       0.1932978         0.6608829       2.1518132       4449.7116       29.235465         25.68539         3.5500759       4449.7116                           3978.7655                 24.144211                 397.14954                      49.652313
