#        weight    minuslogpost              H0         omega_b       omega_cdm        tau_reio     ln_A_s_1e10             n_s        A_planck      calib_100T      calib_217T       A_cib_217       xi_sz_cib            A_sz        ksz_norm    gal545_A_100    gal545_A_143 gal545_A_143_217    gal545_A_217    ps_A_100_100    ps_A_143_143    ps_A_143_217    ps_A_217_217   galf_TE_A_100 galf_TE_A_100_143 galf_TE_A_100_217   galf_TE_A_143 galf_TE_A_143_217   galf_TE_A_217       chi2__CMB   minuslogprior minuslogprior__0 minuslogprior__SZ            chi2 chi2__planck_2018_highl_plik.TTTEEE chi2__planck_2018_lowl.TT chi2__planck_2018_lowl.EE chi2__planck_2018_lensing.clik
              1       3510.1698       69.158544     0.022094646      0.12510671     0.070291454       3.1586605       0.9532162       1.0023553      0.99992465      0.99936885       69.669074      0.57252555       9.7858593       6.3831949       10.002602       5.4299108        25.843192       78.632439       194.71188       47.479796       32.585833       73.328938     0.022177574        0.18630011        0.65767606     0.015160565        0.74181304       1.8366596       6939.4776       40.430989        29.676444         10.754545       6939.4776                           6389.5491                 37.920348                 405.10251                      106.90563
              2        3510.005       69.158544     0.022094646      0.12510671     0.070291454       3.1586605       0.9532162       1.0023553      0.99991627      0.99936117       69.765627      0.57217472       9.7206481       6.3901169       9.9543203       5.4037734        25.773495       78.457828       195.44887       47.622937       32.471769       73.213873     0.021445024        0.18680345        0.65978938      0.01579645        0.74161045       1.8343192       6939.2255       40.392231        29.772898         10.619333       6939.2255                            6389.297                 37.920348                 405.10251                      106.90563
              2       3376.4912       69.158544     0.022094646      0.12510671     0.070291454       3.1586605       0.9532162       1.0037397       1.0003434      0.99973409       69.183114       0.5878377       9.8114637        5.390621       11.134664       6.8290557        26.561371       79.962687       191.37089       47.635539        34.99428       76.683139    0.0017185654        0.20261204        0.68044262    -0.011777131        0.72861303       1.4484145       6664.5726       44.204898         34.72601         9.4788875       6664.5726                           6119.6685                 37.475046                 405.07666                      102.35241
              1       3313.6724       69.158544     0.022094646      0.12510671     0.070291454       3.1586605       0.9532162       1.0037397       1.0003055      0.99963262       69.360198      0.81786107        9.283426        5.579044       10.946215       6.6479146        23.819794       75.249889       195.65478       47.059683       38.162782       78.449416    -0.035553005        0.20250771        0.69400533     0.018882054        0.69127475       1.4637704       6536.7367       45.304099        36.646542         8.6575573       6536.7367                           5991.8326                 37.475046                 405.07666                      102.35241
              1       2881.2694       69.158544     0.022094646      0.12510671     0.070291454       3.1586605       0.9532162       1.0093768        1.000326      0.99960932       70.106157      0.81807433       9.2696841       5.5749379       10.973244       6.6991521        23.808916       75.827674       200.40646        47.84445       38.698556       79.587303    -0.035254049        0.20103657         0.6941525     0.016201871        0.69072589       1.4679765       5660.4717       51.033618        42.407719          8.625899       5660.4717                           5134.7369                 35.722184                 404.86027                      85.152345
              1       2855.5532       69.158544     0.022094646      0.12510671     0.070291454       3.1586605       0.9532162       1.0093768       1.0009665      0.99980789       70.850362      0.81459827       8.3874378       5.7088132       16.083314       8.4067331        23.409824       73.659375       167.67592       36.966424       31.374738       78.644519    -0.025764328        0.19144012        0.59108496   -0.0085259002        0.59640652       1.2259959       5602.4085        54.34889        47.180665         7.1682247       5602.4085                           5076.6737                 35.722184                 404.86027                      85.152345
              1       2735.6786       69.158544     0.022094646      0.12510671     0.070291454       3.1586605       0.9532162       1.0113703       1.0009554       0.9998018       70.883467      0.81948445       8.3653109       5.6874329        16.04371       8.3729857        23.441501       74.126594       168.98886       37.269023       31.617441       79.344655    -0.025758495        0.19148601        0.58909198   -0.0080654479        0.59610944       1.2290209       5356.5072        57.42498        50.317326         7.1076537       5356.5072                           4837.0306                 35.124692                 404.77958                       79.57227
              1       2410.7199       67.821799     0.022020507       0.1254341     0.062900817       3.1429001      0.95145818       1.0115624       1.0005886      0.99907466       64.916495      0.96168866       7.8671396       4.7066177       16.468035       9.0393507        24.174064       75.620604       166.33857       46.452342       41.996614       94.340321     0.017377106        0.20839078        0.58364399  -0.00091542056        0.56374377       1.0906191       4717.9514       51.744193        46.351805         5.3923884       4717.9514                           4191.3235                  34.40067                  400.5312                      91.696071
              2       2404.5101       67.821799     0.022020507       0.1254341     0.062900817       3.1429001      0.95145818       1.0115624       1.0006131      0.99922756       62.837427      0.98948994       9.0017503       3.3114289       16.614015        9.586682        26.210852        79.53471       158.34747       48.942694       46.819478       98.743846   -0.0050368543        0.20072041        0.55679493     0.015937228        0.54273259       1.1116227       4703.0794       52.970393        47.204311         5.7660821       4703.0794                           4176.4515                  34.40067                  400.5312                      91.696071
              1       2396.7231       67.821799     0.022020507       0.1254341     0.062900817       3.1429001      0.95145818       1.0115624       1.0010343      0.99956611       68.124258      0.92370076       7.5611674       2.9241382       16.615182       10.434577         25.92749       75.577589       172.77423       47.517992       38.564293       91.557494      0.00101048        0.20643741        0.48495558     0.053718753        0.59404502      0.87812426        4692.241       50.602627        46.891046         3.7115814        4692.241                           4165.6131                  34.40067                  400.5312                      91.696071
              1       1987.7854       67.821799     0.022020507       0.1254341     0.062900817       3.1429001      0.95145818       1.0225258       1.0010495       0.9994963       67.012313      0.96625168       7.1622884        3.644092       16.646706       10.831555        26.560414       79.221309       180.48775       48.451832       38.320506       94.638731    0.0063480357        0.20138111         0.4748765     0.043746508        0.58450565      0.85778148       3815.3845       80.093204        76.331095         3.7621093       3815.3845                           3321.2809                 31.399425                 400.28173                      62.422365
              1       1985.8992       67.821799     0.022020507       0.1254341     0.062900817       3.1429001      0.95145818       1.0225258       1.0011568      0.99953515       66.680564       0.9138906       7.8046301       3.1005246       16.201192       10.432021        27.086538       80.525552       175.76641       47.424519       38.387262       95.331652     0.015694438        0.20222917        0.46412631     0.045590578        0.58703115      0.80832714       3813.0952       79.351642         75.27504         4.0766022       3813.0952                           3318.9917                 31.399425                 400.28173                      62.422365
              1       1978.3731       67.821799     0.022020507       0.1254341     0.062900817       3.1429001      0.95145818       1.0225258       1.0009609      0.99970946       67.734995      0.89571793       7.6370065       3.1181206       16.270963       10.238223        26.383796       79.986152        168.9894         48.9281       40.117231       94.646883     0.042839602        0.21467854        0.49032206     0.078228636        0.61747775      0.84418875       3801.7454       77.500455         73.58988         3.9105749       3801.7454                           3307.6418                 31.399425                 400.28173                      62.422365
              1       1970.5397       67.821799     0.022020507       0.1254341     0.062900817       3.1429001      0.95145818       1.0329169       1.0007123      0.99961289       70.108331      0.84462774       7.3601755       3.8950617       16.706019       9.2039922        25.791328       80.662572       176.61719       49.624395       37.587838       93.061658     0.017355608         0.2061984        0.48358704      0.10730447        0.62175443       0.7780455       3691.8039       124.63773        120.50432         4.1334102       3691.8039                           3221.4525                 28.878552                 400.05244                      41.420447
              1       1961.3938       67.821799     0.022020507       0.1254341     0.062900817       3.1429001      0.95145818       1.0329169       1.0006637      0.99878825       69.550738      0.91307391       7.2463472       2.1641921       14.979933       9.0850468        24.701655       78.421711       203.81445       58.744426       46.375564         98.4159    -0.010143118         0.2158538        0.55453301      0.12352796        0.68839023      0.89651124       3682.2557       120.26593        117.24096         3.0249689       3682.2557                           3211.9043                 28.878552                 400.05244                      41.420447
              1       1951.9809       67.821799     0.022020507       0.1254341     0.062900817       3.1429001      0.95145818       1.0329169       1.0002053      0.99845183       66.762605      0.94452411       7.9012329       3.5893737       14.545067       9.1190375        24.639701       78.942685       188.70635       56.052156       47.329304       101.35127    -0.047603045        0.21001329        0.54566041      0.15610154        0.70835003       1.0089367       3658.9187       122.52157        117.98674         4.5348299       3658.9187                           3188.5672                 28.878552                 400.05244                      41.420447
              1       1950.7802       67.821799     0.022020507       0.1254341     0.062900817       3.1429001      0.95145818       1.0329169       1.0000734      0.99846101       65.123258       0.9288407       7.2449471       3.4753602       14.505158       9.4433735        24.750528       80.348852       199.13721       57.864461       46.695642       102.96976    -0.037306981        0.22079318        0.55277378      0.17929274        0.71064321      0.98847606       3659.1168       121.22183        117.48236         3.7394707       3659.1168                           3188.7654                 28.878552                 400.05244                      41.420447
              1       1943.8993       67.821799     0.022020507       0.1254341     0.062900817       3.1429001      0.95145818       1.0329169       1.0005489      0.99837083       66.575328      0.46337648       9.3843304       3.5855518       13.746822       8.7885064         26.78874       88.305016       161.73688       55.387768       36.542059       92.337283   -0.0028138511        0.30266736          0.363814      0.25698647        0.55737401       0.7084164       3625.9189       130.93984        124.32124         6.6185921       3625.9189                           3155.5674                 28.878552                 400.05244                      41.420447
              1       1918.2267       67.821799     0.022020507       0.1254341     0.062900817       3.1429001      0.95145818       1.0329169       1.0014614      0.99727563        58.90799      0.97017335       4.0001999       9.3904476       12.870717       5.5726104        25.256905       92.612567       239.90417       63.696255       25.970378       92.543331  -0.00018549605        0.24058247        0.33795061      0.26175429        0.50848845      0.48631827       3581.1366       127.65845        123.44236         4.2160927       3581.1366                           3110.7851                 28.878552                 400.05244                      41.420447
              1       1904.0762       67.821799     0.022020507       0.1254341     0.062900817       3.1429001      0.95145818       1.0329169       1.0012075      0.99695925       61.391043      0.81974232       3.8568103       8.4904756       12.557298       5.9616165        23.608105       88.684735        239.5069         64.5028       25.972822       94.292659    0.0033812078        0.22717128        0.36682817      0.25647629        0.49923808      0.59136368       3559.7795       124.18643         120.6889         3.4975376       3559.7795                           3089.4281                 28.878552                 400.05244                      41.420447
