#        weight    minuslogpost              H0         omega_b       omega_cdm        tau_reio     ln_A_s_1e10             n_s        A_planck      calib_100T      calib_217T       A_cib_217       xi_sz_cib            A_sz        ksz_norm    gal545_A_100    gal545_A_143 gal545_A_143_217    gal545_A_217    ps_A_100_100    ps_A_143_143    ps_A_143_217    ps_A_217_217   galf_TE_A_100 galf_TE_A_100_143 galf_TE_A_100_217   galf_TE_A_143 galf_TE_A_143_217   galf_TE_A_217       chi2__CMB   minuslogprior minuslogprior__0 minuslogprior__SZ            chi2 chi2__planck_2018_highl_plik.TTTEEE chi2__planck_2018_lowl.TT chi2__planck_2018_lowl.EE chi2__planck_2018_lensing.clik
              1       29105.207       64.329648      0.02229067      0.11890707      0.10479385       3.3449079      0.95325212      0.99552378      0.99926419      0.99901651       39.797003        0.762973       3.6831236       7.5124265      0.95466542       3.4944365        21.208554       95.510352       176.35626       64.018343       31.676965       111.70687     0.093402992        0.11055206        0.54328679      0.26465782        0.62612028        2.096717       58141.823       34.295076        31.430173          2.864903       58141.823                           56437.472                 69.035986                 441.69408                      1193.6212
              1       14659.532       65.354515     0.022219686      0.11974544     0.097683834       3.2826287      0.95047086      0.99594918      0.99854648       0.9997656       27.911162      0.19702474       4.4505358       3.7724281     -0.96031564       6.3253697        18.520648       104.23904       141.73357       38.455803       21.097057       114.14365     0.002081249       0.092669212        0.43743578      0.18705902        0.54716173       1.8324314       29233.274       42.894734        40.769336         2.1253977       29233.274                            28034.79                 58.338689                 433.05647                      707.08882
              2       5464.9032       64.491343     0.022212074      0.11988066      0.10415066       3.2179425      0.95142254      0.99566496       1.0000383      0.99897808       15.374552      0.47235583       3.8593724       4.7731096      -5.7748643       3.6618294        14.171952       106.14878       134.63647       23.508741       21.389074       129.26068    0.0027692618      0.0078452242        0.34512334      0.20627305        0.44963521       2.3733244       10799.754       65.025978        62.891927         2.1340513       10799.754                           10037.021                 42.350491                 436.65988                      283.72285
              1       4801.7155       65.528282     0.022215205      0.12087557      0.11121258       3.2409631      0.94957097      0.99509205       1.0003283       1.0005429       5.1699738    0.0099350571       1.5473856       4.1128266      -5.2321734      -3.3139887        8.3421224       106.81961       133.08298       17.081498       5.8452754       139.33672     0.022235637      -0.044191369        0.46409632     0.069779765        0.41894831       2.2525429       9411.6719       95.879541        93.391102         2.4884395       9411.6719                           8577.4908                 46.717075                 444.21891                      343.24517
              2       4636.1229       65.524061       0.0222203       0.1208636      0.11124456       3.2406057       0.9495101      0.99509237       1.0018922      0.99964317      0.10724917      0.22935344       1.9719831       4.0895359     -0.68977838      -5.1299941       -1.3399248       94.699007       90.724594       9.1005439       16.852846        148.9466     0.029854356       -0.03176355        0.42617161      0.13796513        0.56990055       2.3017052       9105.5991       83.323373        81.023248         2.3001252       9105.5991                           8273.4249                 46.677935                 444.24801                      341.24825
              7       2861.9071       63.793806     0.022339387      0.11911667      0.12483393       3.1503204      0.95267918      0.99499914       1.0022611      0.99950051       34.457635      0.80097042       1.7108651        1.314186      -3.3533032      -7.2202031        -5.105204       65.481146       167.82213       27.986518       29.689231       111.38896     0.016101166      -0.061412555        0.52294386     0.036463939         0.4409859       2.5334359       5494.8771       114.46851        110.80177         3.6667391       5494.8771                           4988.4888                 28.291215                 451.59904                      26.498114
              5       2331.2693       65.375191     0.022619725      0.11865639      0.10995276       3.1911782      0.95246207       1.0081024       1.0016562      0.99922672       42.965267       0.3738184       1.7403665      0.78233317      -3.0952342      -4.0757208       -3.2752489       68.004851       220.24612       28.913657       23.282636       102.44392     0.029843668      -0.055801932        0.45542649      0.12758947        0.33650591       2.3327833       4462.4124       100.06305        96.089861         3.9731866       4462.4124                           3897.3026                 33.191412                 438.80344                      93.114942
             19       1634.6911       67.811449     0.022703238      0.11918802      0.11376066       3.1899773      0.95052215       1.0077782       1.0019517      0.99968893        46.71576      0.41551232       2.5635529      0.77361484       1.9212717      -1.0907764        1.4035653       67.518851       241.24247       39.982389       33.502491       107.67184     0.070713175      -0.016758607         0.3801664      0.11927099        0.40454916       1.7695179         3130.89       69.246082        66.040317          3.205765         3130.89                           2592.5201                  34.35057                 441.94232                      62.076993
             81       1575.1302       67.661583     0.022772625      0.12056452      0.09543396       3.1584727      0.94903068       1.0082122       1.0016212      0.99883957       44.654517      0.64762982       1.8269681       2.9096138       6.2433026       1.1104696        3.0587181       70.329583       257.91024       33.442794       30.116862       108.31384     0.033121932      -0.013843759        0.54077843     0.078239508           0.40214       2.1869653        3036.586        56.83718        54.072483         2.7646969        3036.586                           2527.1437                 33.212703                 424.79501                       51.43463
             30       1533.8377       67.627614     0.022769286      0.12065266      0.09561642       3.1584439      0.94879587       1.0081784       1.0011625      0.99717606       48.504489      0.83917029       2.1477932       3.0039347       7.4188367       2.0827691        4.2223773         66.8826       296.88544       49.378443       39.540164       114.87092     0.066953597       0.033415604        0.63228493      0.17117909        0.30803654       2.1856809       2966.2447       50.715334         48.17772         2.5376135       2966.2447                           2456.5942                 33.258759                 425.00527                      51.386426
             24       1505.3566       67.679398     0.022777811      0.12066113     0.095322992       3.1547209       0.9489058       1.0081922       1.0006422      0.99665894       49.711721      0.10329736       5.6563253       1.6295757       8.5376661       4.3194478          6.06423       71.208636       272.84044       42.367441       34.533358       113.84202      0.12530242       0.055887261        0.66238354     0.091852025        0.41038179       2.2496052       2928.6384        41.03742        38.942553         2.0948666       2928.6384                           2425.7019                 32.762528                 424.54335                      45.630609
              4       1486.3595        67.95534     0.022606944      0.12116574     0.083146612       3.1265219      0.95174928       1.0086499       1.0002436      0.99645938       53.328116      0.41762381       5.9148469       2.3581947       9.1065667       6.6794471        6.9163331       68.638093       303.19515       49.469242       47.533256       110.08187       0.1067972        0.08482346        0.71188147      0.10520383        0.58094845       2.2426976       2902.3799       35.169522        32.852446         2.3170759       2902.3799                           2432.3305                 29.904364                 412.82613                      27.318858
              4       1474.2563       67.434803     0.022595974      0.12104716      0.08671083       3.1354634      0.94929148       1.0085641      0.99920502      0.99808235       51.801697      0.83749274       8.1110752       3.1227424       8.3456606        8.586686        15.655771         83.7608       245.22278       53.727356       54.205885       107.23924      0.11600537        0.11541338        0.70874194       0.2052414        0.52426917        1.887092       2887.3409        30.58583         26.14794         4.4378901       2887.3409                           2403.8314                 31.200675                 416.35119                      35.957677
             26       1468.0991       67.531172     0.022668787      0.12106421     0.086443149       3.1301121      0.94867515       1.0085623       0.9991678      0.99842567       61.106864      0.98506475       8.0598942       1.9674662       9.7580367       10.365569         20.07223       87.548164       265.61373       60.702939       61.891908       100.30298     0.037996649        0.18757358        0.67820472       0.3332653        0.59206183       1.5230307        2870.908       32.645071        29.029468         3.6156038        2870.908                           2394.8406                 30.845412                 415.97369                      29.248346
              6        1465.201       67.635444     0.022652803       0.1209092     0.088403286       3.1334485      0.95012752       1.0085479      0.99934993       0.9985222       59.690917       0.9930743       7.6035799      0.54224624       9.8898068       10.021157        20.142406       88.907243       266.77984       62.308928       63.375052       103.15865     0.039856418        0.17090626        0.66849412      0.35025757        0.61513372       1.6028903        2869.375       30.513487        27.924209         2.5892785        2869.375                            2391.986                 30.452738                 417.55689                      29.379332
             20       1464.7961       67.644504     0.022617634      0.12109618     0.087038463       3.1327827      0.94973269        1.008551        1.000009       0.9972703       55.033164      0.59129646       6.5359664       5.6260589       11.245754        6.631991        7.4487416       74.868966       245.86357       43.814249       51.527429       111.81444     0.031144019        0.13884695        0.68878785      0.30822112        0.78500389       2.3845006       2856.5372       36.527524        32.101981         4.4255429       2856.5372                           2378.7314                 30.718103                 416.43859                      30.649085
             25        1456.732       67.551798     0.022603963      0.12121412     0.086488788       3.1283174      0.94992163       1.0085509       1.0004546      0.99745454       57.813174      0.15691385       9.4270909       5.2034285       13.817157       9.7551051        15.425273       81.760556       254.60053       29.983092       33.425101       105.78473     0.089253354        0.15152633        0.52639421      0.29889106        0.65333434       2.0434808       2846.8349       33.314604        24.832915         8.4816893       2846.8349                           2373.6714                 30.115773                 415.89904                      27.148686
             24       1453.8039       67.695456     0.022571357       0.1210507      0.08596162       3.1298732      0.94939581       1.0085958      0.99988996      0.99794261       58.617429      0.16625195       8.4139335       5.2637184       11.972317       8.7707598        16.491578       85.840496       262.17492       38.762507       33.694435       99.525087     0.033022941       0.079209369        0.48039861      0.24136762        0.58978777       1.9216498       2843.5992       32.004269        25.257868         6.7464007       2843.5992                           2368.9759                 30.658204                 415.53462                       28.43052
              2       1449.2276       67.694308     0.022569075      0.12120072     0.086281362       3.1201072      0.94921006       1.0045819       0.9996378      0.99815532       55.319515      0.07691212       8.0415228       3.6847214       12.329866       9.8717998        19.943835       93.025013       281.68551       43.976763       32.331939       103.34425     0.065891811       0.084429503        0.44225732      0.24546776        0.61730853       1.8988863       2850.9856       23.734819        18.955111         4.7797079       2850.9856                           2381.2623                 30.427745                 415.80479                      23.490772
             93       1448.3025       67.731908     0.022566378      0.12119458     0.086525829       3.1208822       0.9493603       1.0045763      0.99978744      0.99821522       53.231961      0.10576228       8.7686877       2.4346132       11.572989       10.024906        22.983296       100.19422       268.44425       47.295832       35.845311       107.96025     0.045668596       0.092231237        0.40844722       0.2625795        0.70709344       1.8913952       2849.6728       23.466058        18.753815         4.7122424       2849.6728                           2379.4937                 30.444988                 416.03047                      23.703614
