#        weight    minuslogpost              H0         omega_b       omega_cdm        tau_reio     ln_A_s_1e10             n_s        A_planck      calib_100T      calib_217T       A_cib_217       xi_sz_cib            A_sz        ksz_norm    gal545_A_100    gal545_A_143 gal545_A_143_217    gal545_A_217    ps_A_100_100    ps_A_143_143    ps_A_143_217    ps_A_217_217   galf_TE_A_100 galf_TE_A_100_143 galf_TE_A_100_217   galf_TE_A_143 galf_TE_A_143_217   galf_TE_A_217       chi2__CMB   minuslogprior minuslogprior__0 minuslogprior__SZ            chi2 chi2__planck_2018_highl_plik.TTTEEE chi2__planck_2018_lowl.TT chi2__planck_2018_lowl.EE chi2__planck_2018_lensing.clik
              1       4479.6948       67.218765      0.02261435      0.10575645     0.076632229       3.0758514      0.95059914       1.0037268       1.0010147       1.0000797        73.90583      0.56821293       8.9982121       1.8834012       3.3636751       15.834186        26.113779       101.31521       333.79953       22.600073       43.658339        62.76188        0.324187        0.14135343        0.29056201      0.20853907        0.35619764        1.042351       8856.1935       51.598048         47.02629          4.571758       8856.1935                           8408.0872                 28.528515                 405.91306                      13.664732
              4       4124.2537       67.703327     0.022714293      0.10536236     0.076325754       3.0145899      0.95183738       1.0038672      0.99969235      0.99930605       68.314584      0.77722641       8.9537636     0.083604556      0.99857222       15.230068        24.759552       98.340652        291.6268       33.715849       52.219365       77.997616       0.2312444         0.1287639        0.15000408      0.13903988        0.39296123       0.7536319       8155.7633        46.37199        43.015304         3.3566858       8155.7633                           7627.5961                 22.706214                  404.5012                      100.95984
              5       3994.0412       67.757355      0.02270327      0.10464996     0.070446085       3.0305222      0.95172242       1.0042775       0.9992212      0.99940653        52.89176      0.73922695       7.2180513       5.9772355       8.5870539       18.722727        34.140816       124.15892       269.23589       34.716117       36.800375         76.3568       0.1927522        0.11614387       0.039657641      0.16430261        0.42964902      0.65807316       7883.2794       52.401516        46.805156           5.59636       7883.2794                           7397.4282                 24.675963                 401.37127                      59.803944
              1       3298.8127       70.421553     0.022996802      0.10180503     0.091762916       3.0729754       0.9536242         1.00409      0.99955142      0.99806767        54.19353      0.67900142       7.9340907       7.4564576       7.7130752       17.094608        32.274071       119.71864       303.95134       35.624633        37.42951       74.661602      0.21616908        0.15048864        0.26365802       0.1142745        0.52714735       1.0084412       6521.3424       38.141491        29.821503         8.3199874       6521.3424                           6029.5738                 26.744465                 415.17999                      49.844133
             13       1819.5414       74.424113     0.022866101      0.10366522      0.08816759       3.0946952      0.95085416       1.0037404      0.99895803      0.99688673       42.684273      0.71153038       4.6977509       9.7996597       6.8871274       17.042953        32.523276       122.41104       340.47007       38.775097       26.517047       88.056608      0.13729385        0.12237585        0.22729037     0.091073027        0.52192192       1.2877423       3565.6372       36.722823        31.311338         5.4114847       3565.6372                           3095.7733                 32.136637                 413.09242                      24.634857
              7       1791.4084       74.075462     0.022849745       0.1035802     0.091773394       3.0967268       0.9543727       1.0047903      0.99897534      0.99737978       46.346995      0.51909873       6.0948385       9.0845886       6.1088481       17.558641        31.150513       120.90439       320.35792       33.561191       25.949546       85.948282      0.18594774         0.1690555         0.3880284     0.088366708        0.51125497       1.5290322       3508.7299       37.043464        30.183299         6.8601653       3508.7299                            3035.987                 30.039648                 415.60105                      27.102207
             21       1754.4875       74.083875     0.022861121        0.103594     0.091682045       3.0952134      0.95441327       1.0051211      0.99893257      0.99808656       46.795939      0.16396471       7.1607207       7.4406625       7.4536483       17.025921        35.558565       124.61707       303.48893       45.771097       25.714331       93.777417       0.1243153       0.072657989        0.45943303    -0.034222256        0.42946775       1.4848469       3424.2678       42.353652        35.429493         6.9241585       3424.2678                            2950.036                 29.773743                 415.45388                      29.004108
              1       1722.0206       72.859407     0.022716215      0.10622069     0.077663892       3.0837844      0.95174844       1.0050408      0.99946721      0.99719494       48.478649      0.24922561       6.2340479       8.2171004        9.045615       14.978825        27.662936       109.19798       308.87152       50.644357       33.121419       99.134904      0.13728441       0.014919456        0.45933819    -0.042927854        0.44475063       1.5281399       3363.4124       40.314394        34.099982         6.2144125       3363.4124                           2910.6182                 30.665159                  406.0133                      16.115653
              6       1706.5805       73.197054     0.022628827      0.10772262      0.06883515       3.0628846      0.94527988       1.0078821       0.9993168       0.9978426       56.924504      0.10427491       4.5461734       9.1138395       12.754867       17.576289        29.225652       111.19219       310.13467       45.669503       26.763002       84.977007      0.14013658       0.061001454        0.55073326     0.068513367         0.4448265       1.7580685       3333.1969       39.982071        35.328929         4.6531423       3333.1969                           2872.7862                 31.139519                 401.07835                       28.19289
             13       1703.8762       73.322786     0.022638097      0.10768144     0.068549706       3.0633033      0.94554262       1.0079106      0.99938345      0.99778842       56.119228      0.13532502       5.5592568       8.6739105       11.697496       18.051801        30.606442       112.24525       305.68026       46.361974       29.683021       87.459673      0.10842805       0.053913496        0.48602114     0.083284821        0.43553463       1.6807246       3325.7685       40.991905        35.357451         5.6344543       3325.7685                           2865.5361                 31.193191                 400.90394                      28.135307
             23       1673.5513       72.428552     0.022485969      0.10764188     0.059900818       3.0749907      0.94995668       1.0196772      0.99951004      0.99733774       50.192587      0.40974435       4.5209706       8.1693734       11.396515       17.906366        32.242409       118.25054       289.24897       55.933325       40.093888       103.72099     0.071318142       0.036436516        0.44416596     0.084685792        0.49803088       1.6386806       3215.3203       65.891158        61.937799         3.9533585       3215.3203                           2771.7835                  29.23818                 397.11984                      17.178776
             13       1656.2741        72.52457     0.022505556      0.10774247     0.062161517       3.0797305      0.95108247       1.0195862       1.0005241      0.99753714       51.390128      0.20258883       4.2276564       7.7536227       11.888075       14.807252        30.496247        117.8079       284.56984       52.555894        32.48863       101.73541     0.078108775       0.064786846        0.34901356      0.11342701         0.4244339         1.85072        3192.088       60.230109        56.813722         3.4163869        3192.088                           2748.8132                 29.066979                 397.85716                       16.35069
              2       1645.3882       72.459272     0.022548081      0.10755653     0.062656246        3.074831       0.9516697        1.019625       1.0004383      0.99754876       57.556345      0.32836172       4.6453247       9.3301814       9.4717298       14.876243        29.579482       111.59055       283.22233       54.639018        36.16603       93.000151     0.094323368        0.10356756        0.39061559      0.16667046        0.37346526       1.6197937       3172.2423       59.267032        54.319102           4.94793       3172.2423                           2725.9017                 28.212986                 397.96739                      20.160234
             79       1636.5144       72.482718     0.022557819      0.10757694     0.064953266       3.0790608      0.95142725       1.0195175      0.99994975       0.9975102       67.366669      0.31530371       5.2132835       9.0142325        9.431352       17.760808        28.269214       101.86019       290.92998       59.843727       38.415591       82.338916      0.11080498        0.11768161        0.34390048      0.17835326        0.56452228       1.5063533       3156.9075       58.060613        52.614803         5.4458099       3156.9075                           2710.1172                 28.439082                 398.94029                      19.410868
             29       1634.9739       72.500967     0.022555809      0.10757345     0.064783372       3.0787968      0.95143542        1.019472        1.000221      0.99730552       67.752176    0.0084980738       5.4527484       9.9040651       9.0112642        15.24478        26.610321       97.478006       294.68176       66.223809       31.147461       80.786673      0.18837967        0.16236283        0.35437642      0.17985334        0.59519733       1.6099851       3158.1131       55.917309        49.270379         6.6469302       3158.1131                           2711.3403                 28.451717                 398.85994                      19.461138
             11       1633.3197       72.522156     0.022568259      0.10758764     0.064836443       3.0751599      0.95135831       1.0194655        1.000418      0.99739909       63.544564      0.28591549       5.2946914       8.0566137       9.7102983       15.362648        27.689722       99.741736        283.6447       70.428609       39.649163       92.174813      0.18006407        0.18219338        0.46671212      0.22775597        0.61661702       1.7852997       3159.4821       53.578643        48.816955          4.761688       3159.4821                           2709.9872                 28.066786                 398.84323                      22.584817
             10       1618.9396        72.34514     0.022553401      0.10783253     0.065076172       3.0773638      0.95120464       1.0193944       1.0004643      0.99762994       61.261431      0.16650294       4.1527373       9.1851891       9.0198821       14.254072        23.615231        94.95251       292.33659       67.814089       37.889968       99.116287      0.18532424        0.17126394        0.43581798      0.19449212        0.60728875       1.8394168       3136.0378       50.920682        46.677385         4.2432975       3136.0378                           2688.6173                 28.245766                 399.01938                      20.155324
             38       1611.3819       72.487186      0.02255908      0.10791079     0.064530884       3.0807001      0.95108737       1.0193973      0.99989329      0.99752592        62.91018     0.035843045       2.2548958       9.9678124       9.0410225       13.429494         19.78942       90.684713       296.86481       69.794323       36.659349       97.776839      0.18504876        0.14653188         0.4367548      0.15886312        0.64438139       1.9118363       3125.7172       48.523278          45.5829         2.9403779       3125.7172                           2680.4813                 28.802382                 398.80048                       17.63305
              1       1611.7898       72.049605     0.022671238      0.10846387     0.061544343       3.0778952      0.95146033       1.0194148      0.99987295      0.99748867       61.617162      0.06730764       2.5180341       9.3973897       8.9498412       13.335277        19.749229       91.130897       291.14297       68.121161       37.182218       99.073782      0.18391343        0.14777601        0.43378982      0.16189677        0.63721111       1.8935564       3126.5644       48.507563        45.633601         2.8739616       3126.5644                           2685.3439                 28.612396                 397.58661                      15.021529
             29       1598.5381       72.476689      0.02261505      0.10961904     0.063270285        3.084987      0.94772336       1.0189828      0.99970523      0.99747965       63.942534      0.16239111       1.4938724       8.2649857       9.2005568       13.028821         18.64532       87.667733       332.86722       80.263163       44.350365       105.38036      0.18019358        0.16969119        0.48704139      0.22734278        0.63968093       1.6620925        3103.467       46.804598        44.712911         2.0916866        3103.467                           2660.7334                 30.571913                 398.58092                      13.580795
